keyword,related_keywords,value,type
Translator,emily wilson translator,70,rising
Translator,afrikaans to english translator,60,rising
Translator,leo,50,rising
Translator,leo translator,50,rising
Translator,deeple translator,40,rising
Translator,translator english,100,top
Translator,translator to english,81,top
Translator,translator google,64,top
Translator,translator tagalog,26,top
Translator,language translator,25,top
Translator,english tagalog translator,24,top
Translator,english to tagalog,22,top
Translator,translator tagalog to english,21,top
Translator,spanish,17,top
Translator,spanish translator,16,top
Translator,hindi translator,13,top
Translator,best translator,13,top
Translator,deepl translator,13,top
Translator,translator online,12,top
Translator,ai translator,11,top
Translator,translator ai,11,top
Translator,translator english to hindi,10,top
Translator,hindi english translator,10,top
Translator,english spanish translator,9,top
Translator,pdf translator,9,top
Translator,translator app,8,top
Translator,chinese translator,8,top
Translator,translator spanish to english,8,top
Translator,morse translator,8,top
Translator,morse code,7,top
Generator,password generator 10 characters,60,rising
Generator,password generator lastpass,60,rising
Generator,iban generator,50,rising
Generator,guid generator,50,rising
Generator,passwort generator,40,rising
Generator,lorem ipsum generator,40,rising
Generator,generator dealer,40,rising
Generator,ai generator,100,top
Generator,video generator,41,top
Generator,video generator ai,34,top
Generator,image generator,33,top
Generator,free ai generator,32,top
Generator,random generator,29,top
Generator,qr generator,28,top
Generator,qr code,24,top
Generator,name generator,24,top
Generator,ai generator image,24,top
Generator,number generator,24,top
Generator,qr code generator,23,top
Generator,font,22,top
Generator,font generator,22,top
Generator,text generator,17,top
Generator,free ai video generator,16,top
Generator,barcode generator,13,top
Generator,random number generator,13,top
Generator,password generator,12,top
Generator,free ai image generator,8,top
Generator,voice generator,7,top
Generator,meme generator,7,top
Generator,word generator,5,top
Generator,citation generator,5,top
Generator,qr generator free,5,top
Example,nameplate on a rolls royce for example,3250,rising
Example,nemo for example crossword clue,1050,rising
Example,"yeh monkey saddle graph toh samajh hi nahi aa raha, isse ek example ke saath samjhao.",200,rising
Example,declarative sentence example,90,rising
Example,liham example,40,rising
Example,example of,100,top
Example,for example,50,top
Example,letter example,6,top
Example,information example,3,top
Example,order example,3,top
Example,resume example,3,top
Example,essay example,2,top
Example,website example,2,top
Example,check example,2,top
Example,cover letter example,2,top
Example,json example,1,top
Example,cv example,1,top
Example,example synonym,1,top
Example,timeline example,1,top
Example,"yeh monkey saddle graph toh samajh hi nahi aa raha, isse ek example ke saath samjhao.",0,top
Example,example of simile,0,top
Example,example of personification,0,top
Example,gantt chart example,0,top
Example,nameplate on a rolls royce for example,0,top
Example,landing page example,0,top
Example,liham example,0,top
Example,venn diagram example,0,top
Example,declarative sentence example,0,top
Example,storyboard example,0,top
Example,which of the following is an example of an educational record according to ferpa,0,top
Convert,معنی convert,450,rising
Convert,pdf convert,100,top
Convert,convert to pdf,92,top
Convert,convert pdf to pdf,91,top
Convert,convert to word,41,top
Convert,convert pdf to word,39,top
Convert,convert to pdf to word,37,top
Convert,convert jpg,31,top
Convert,convert to jpg,31,top
Convert,free convert,20,top
Convert,pdf to jpg convert,20,top
Convert,convert to excel,16,top
Convert,mp3 convert,15,top
Convert,youtube convert,11,top
Convert,convert to mp3,11,top
Convert,convert to pdf free,11,top
Convert,convert video,10,top
Convert,pdf to excel,9,top
Convert,convert pdf to excel,9,top
Convert,excel convert to pdf,9,top
Convert,convert mp4,8,top
Convert,convert to mp4,7,top
Convert,convert to png,7,top
Convert,convert to english,6,top
Convert,youtube mp3 convert,6,top
Convert,convert into pdf,5,top
Online,casino spielen.ink 🇩🇪,207400,rising
Online,online casino ohne limit spielen.ink 🇩🇪,91450,rising
Online,online casino spielen.ink 🇦🇹,83650,rising
Online,online casino bonus spielen.ink 🇩🇪,80800,rising
Online,casino online bonus spielen.ink 🇩🇪,79600,rising
Online,casino boni spielen.ink 🇩🇪,59950,rising
Online,online casino boni 🇩🇪 spielen.ink,57800,rising
Online,online casinos spielen.ink 🇩🇪,51600,rising
Online,casino online 💶 testatogioco.lat,12150,rising
Online,casino online non aams 💶 testatogioco.lat,8450,rising
Online,casino online 🇩🇪 casinopedia.blog,6550,rising
Online,casinò online non aams 🎁 testatogioco.lat,6150,rising
Online,online casino ohne limit www.vergleichcenter247.de ✅,4900,rising
Online,casino online ã°âÿâ’â¶ testatogioco.lat,4900,rising
Online,casino online,100,top
Online,casino,98,top
Online,casino spielen.ink 🇩🇪,31,top
Online,online games,30,top
Online,online banking,28,top
Online,online game,27,top
Online,online casinos,22,top
Online,online casino ohne limit spielen.ink 🇩🇪,14,top
Online,online radio,14,top
Online,word online,13,top
Online,whatsapp online,13,top
Online,online casino spielen.ink 🇦🇹,13,top
Online,online casino bonus spielen.ink 🇩🇪,12,top
Online,casino online bonus spielen.ink 🇩🇪,12,top
Online,online jobs,11,top
Online,tv online,10,top
Online,online compiler,9,top
Online,casino boni spielen.ink 🇩🇪,9,top
Online,online casino boni 🇩🇪 spielen.ink,9,top
Online,online sbi,9,top
Online,chatgpt online,8,top
Online,nv casino,8,top
Online,nv casino online,8,top
Online,online games free,8,top
Online,online casinos spielen.ink 🇩🇪,8,top
Downloader,instagram reels downloader app,130,rising
Downloader,instagram photo downloader free,120,rising
Downloader,slideshare ppt downloader,80,rising
Downloader,slideshare downloader,70,rising
Downloader,slideshare downloader free,70,rising
Downloader,kick vod downloader,60,rising
Downloader,scrib downloader,40,rising
Downloader,downloader video,100,top
Downloader,youtube downloader,45,top
Downloader,instagram downloader,34,top
Downloader,downloader tiktok,31,top
Downloader,youtube video downloader,20,top
Downloader,download,19,top
Downloader,facebook downloader,18,top
Downloader,tiktok downloader video,17,top
Downloader,pinterest downloader,12,top
Downloader,instagram video downloader,12,top
Downloader,free downloader,12,top
Downloader,mp3,12,top
Downloader,facebook downloader video,11,top
Downloader,video download,9,top
Downloader,online downloader,9,top
Downloader,twitter downloader,9,top
Downloader,pinterest video downloader,8,top
Downloader,yt downloader,7,top
Downloader,downloader app,7,top
Downloader,music downloader,7,top
Downloader,reel downloader,6,top
Downloader,twitter video downloader,6,top
Downloader,youtube download,5,top
Downloader,free video downloader,5,top
Downloader,video downloader online,5,top
Maker,bad ending maker,600,rising
Maker,instagram video download without water maker,50,rising
Maker,vltd maker,40,rising
Maker,ice maker,100,top
Maker,the maker,84,top
Maker,coffee maker,83,top
Maker,video maker,35,top
Maker,pdf maker,30,top
Maker,ice cream maker,26,top
Maker,logo maker,23,top
Maker,maker world,22,top
Maker,photo maker,21,top
Maker,app maker,17,top
Maker,game maker,16,top
Maker,cv,16,top
Maker,waffle maker,16,top
Maker,cv maker,15,top
Maker,gif maker,14,top
Maker,home maker,13,top
Maker,rpg maker,13,top
Maker,bread maker,13,top
Maker,resume,13,top
Maker,resume maker,12,top
Maker,label maker,12,top
Maker,image maker,11,top
Maker,video maker ai,11,top
Maker,music maker,10,top
Maker,movie maker,10,top
Creator,erling haaland commented on a viral indian creator weight loss video,2950,rising
Creator,florian lipowitz sturz,850,rising
Creator,tyler the creator doll,650,rising
Creator,creator point templates,190,rising
Creator,lindt,110,rising
Creator,solo leveling creator,90,rising
Creator,acronym creator,50,rising
Creator,zoho creator,50,rising
Creator,deadpool creator,40,rising
Creator,tyler the creator merch,40,rising
Creator,creator iq,40,rising
Creator,the creator,100,top
Creator,content creator,41,top
Creator,ai creator,33,top
Creator,tiktok creator,23,top
Creator,youtube creator,21,top
Creator,pdf creator,20,top
Creator,video creator,19,top
Creator,tyler the creator,17,top
Creator,image creator,13,top
Creator,roblox creator,12,top
Creator,game creator,12,top
Creator,app creator,10,top
Creator,character creator,10,top
Creator,creator studio,10,top
Creator,name creator,9,top
Creator,digital creator,9,top
Creator,ugc creator,7,top
Creator,book creator,7,top
Creator,music creator,7,top
Creator,website creator,7,top
Creator,creator movie,6,top
Creator,lego creator,6,top
Creator,creator rewards,5,top
Creator,creator hub,5,top
Creator,ai video creator,5,top
Editor,bm editor,100,rising
Editor,swagger editor,50,rising
Editor,video editor jobs,50,rising
Editor,vm editor,40,rising
Editor,pdf editor,100,top
Editor,pdf,99,top
Editor,online editor,51,top
Editor,video editor,48,top
Editor,ai editor,42,top
Editor,photo editor,35,top
Editor,pdf online editor,26,top
Editor,free pdf editor,20,top
Editor,photo ai editor,16,top
Editor,image editor,15,top
Editor,text editor,13,top
Editor,code editor,10,top
Editor,sejda,10,top
Editor,sejda editor,10,top
Editor,sejda pdf,10,top
Editor,sejda editor pdf,10,top
Editor,save editor,10,top
Editor,pdf editor online free,9,top
Editor,free video editor,9,top
Editor,word editor,8,top
Editor,ai video editor,8,top
Editor,photo editor free,7,top
Editor,ai image editor,7,top
Editor,live editor,6,top
Editor,editor de pdf,6,top
Processor,startech,60,rising
Processor,tissue processor,60,rising
Processor,i7 10th generation processor price in india,60,rising
Processor,pc part picker,50,rising
Processor,data controller vs data processor,40,rising
Processor,food processor,100,top
Processor,intel,62,top
Processor,intel processor,62,top
Processor,best processor,53,top
Processor,processor price,46,top
Processor,amd,38,top
Processor,amd processor,36,top
Processor,laptop processor,36,top
Processor,what is processor,36,top
Processor,laptop,36,top
Processor,ryzen processor,35,top
Processor,cpu,26,top
Processor,ram,26,top
Processor,cpu processor,25,top
Processor,i5 processor,23,top
Processor,snapdragon processor,22,top
Processor,snapdragon,22,top
Processor,payment processor,19,top
Processor,i7 processor,17,top
Processor,pc processor,16,top
Processor,data processor,15,top
Processor,latest processor,15,top
Processor,hp,13,top
Processor,blender,12,top
Processor,motherboard,11,top
Designer,interior designer licensure exam,12100,rising
Designer,french fashion designer crossword clue,850,rising
Designer,american fashion designer crossword clue,750,rising
Designer,fashion designer clothes,70,rising
Designer,motion designer,50,rising
Designer,zebra designer,40,rising
Designer,zebra designer 3,40,rising
Designer,solaredge designer,40,rising
Designer,graphic designer,100,top
Designer,interior designer,89,top
Designer,fashion designer,83,top
Designer,designer bag,81,top
Designer,designer sale,74,top
Designer,designer outlet,68,top
Designer,designer bags,63,top
Designer,shoes,60,top
Designer,designer shoes,57,top
Designer,product designer,53,top
Designer,website designer,47,top
Designer,web designer,44,top
Designer,brand designer,43,top
Designer,designer dress,43,top
Designer,home designer,41,top
Designer,ux designer,41,top
Designer,shirt designer,40,top
Designer,affinity designer,31,top
Designer,house designer,31,top
Designer,designer clothes,30,top
Designer,studio designer,29,top
Designer,microsoft designer,28,top
Designer,designer brands,27,top
Designer,designer dresses,25,top
Designer,designer sunglasses,25,top
Compiler,programiz sql compiler,120,rising
Compiler,bytexl login,80,rising
Compiler,crazy games,70,rising
Compiler,google meet,60,rising
Compiler,nptel,60,rising
Compiler,prolog online compiler,50,rising
Compiler,mysql download,50,rising
Compiler,online clipboard,50,rising
Compiler,typing master,50,rising
Compiler,nptel swayam,50,rising
Compiler,codedpad,50,rising
Compiler,jupyter notebook,40,rising
Compiler,cuims,40,rising
Compiler,geeks for geeks,40,rising
Compiler,compiler online,100,top
Compiler,online,97,top
Compiler,python compiler,39,top
Compiler,python,39,top
Compiler,compiler java,28,top
Compiler,java,28,top
Compiler,online python compiler,28,top
Compiler,online python,27,top
Compiler,java compiler online,23,top
Compiler,online c compiler,17,top
Compiler,c++,16,top
Compiler,c++ compiler,15,top
Compiler,online compiler c++,10,top
Compiler,chatgpt online,7,top
Compiler,gdb compiler,7,top
Compiler,gdb,7,top
Compiler,code compiler,6,top
Compiler,compiler html,6,top
Compiler,html,6,top
Compiler,sql compiler,5,top
Compiler,sql,5,top
Compiler,one compiler,5,top
Compiler,what is a compiler,4,top
Compiler,pdf compiler,4,top
Compiler,sql compiler online,4,top
Analyzer,cbe analyzer,200,rising
Analyzer,bala twitter,110,rising
Analyzer,news arena twitter,100,rising
Analyzer,microsoft remote connectivity analyzer,90,rising
Analyzer,mail header analyzer,70,rising
Analyzer,news analyzer twitter,50,rising
Analyzer,the skin doctor twitter,50,rising
Analyzer,forti analyzer,50,rising
Analyzer,eventlog analyzer,50,rising
Analyzer,seo analyzer directorylib,50,rising
Analyzer,google har analyzer,40,rising
Analyzer,the analyzer,100,top
Analyzer,ai analyzer,54,top
Analyzer,spectrum analyzer,48,top
Analyzer,gas analyzer,35,top
Analyzer,trade analyzer,34,top
Analyzer,seo analyzer,32,top
Analyzer,power analyzer,29,top
Analyzer,network analyzer,28,top
Analyzer,can analyzer,25,top
Analyzer,website analyzer,22,top
Analyzer,wifi analyzer,21,top
Analyzer,logic analyzer,18,top
Analyzer,hematology analyzer,18,top
Analyzer,fantasy trade analyzer,18,top
Analyzer,disk analyzer,16,top
Analyzer,chemistry analyzer,16,top
Analyzer,log analyzer,15,top
Analyzer,video analyzer,14,top
Analyzer,moisture analyzer,14,top
Analyzer,skin analyzer,13,top
Analyzer,web analyzer,12,top
Analyzer,header analyzer,12,top
Analyzer,xrf analyzer,11,top
Analyzer,oxygen analyzer,11,top
Analyzer,audio analyzer,11,top
Evaluator,fidelity s&p 500 index fund,29850,rising
Evaluator,fidelity ira phone number,27000,rising
Evaluator,fidelity fiduciary,18000,rising
Evaluator,new toyota camry,17400,rising
Evaluator,fidelity trust,15600,rising
Evaluator,2026 toyota 4runner,500,rising
Evaluator,index funds fidelity,350,rising
Evaluator,top fidelity index funds,250,rising
Evaluator,crossing hurdles,250,rising
Evaluator,open a fidelity brokerage account,200,rising
Evaluator,fidelity trader,170,rising
Evaluator,2026 toyota rav4,160,rising
Evaluator,lenovo,70,rising
Evaluator,csp evaluator,60,rising
Evaluator,evaluator jobs,100,top
Evaluator,search engine evaluator,52,top
Evaluator,home evaluator,33,top
Evaluator,business evaluator,28,top
Evaluator,evaluator meaning,26,top
Evaluator,ira fidelity,22,top
Evaluator,property evaluator,21,top
Evaluator,car evaluator,19,top
Evaluator,csp evaluator,16,top
Evaluator,search engine evaluator jobs,15,top
Evaluator,fidelity roth,12,top
Evaluator,fidelity roth ira,11,top
Evaluator,domain evaluator,11,top
Evaluator,outlier ai,11,top
Evaluator,fidelity ira account,10,top
Evaluator,migration evaluator,10,top
Evaluator,social media evaluator,9,top
Evaluator,goods evaluator fbr,9,top
Evaluator,fidelity brokerage,8,top
Evaluator,lenovo,7,top
Evaluator,index funds fidelity,6,top
Evaluator,fidelity trader,4,top
Evaluator,fidelity s&p 500 index fund,4,top
Evaluator,top fidelity index funds,3,top
Evaluator,fidelity ira phone number,3,top
Sender,fenerbahce spiel,15350,rising
Sender,fenerbahce,5400,rising
Sender,fenerbahce hangi kanalda,3500,rising
Sender,fenerbahce gornik zabrze,2700,rising
Sender,tv100,2250,rising
Sender,fenerbahce maci hangi kanalda,750,rising
Sender,fenerbahce gornik zabrze hangi kanalda,500,rising
Sender,can you read a message on messenger without the sender knowing,300,rising
Sender,canyon sender 2020,250,rising
Sender,sender df1,200,rising
Sender,sender empfänger post,200,rising
Sender,sender policy framework,190,rising
Sender,does forwarding an email notify the original sender,190,rising
Sender,if i forward an email can the sender see it,180,rising
Sender,if you forward an email will the original sender know,180,rising
Sender,return to sender not at this address,170,rising
Sender,email sender,100,rising
Sender,receiver,90,rising
Sender,mail sender,90,rising
Sender,fuel sender,80,rising
Sender,file sender,70,rising
Sender,sms sender,70,rising
Sender,message sender,60,rising
Sender,wa sender,60,rising
Sender,sender id,60,rising
Sender,the sender,100,top
Sender,email sender,57,top
Sender,return to sender,43,top
Sender,tv sender,32,top
Sender,message sender,29,top
Sender,mail sender,24,top
Sender,whatsapp sender,19,top
Sender,fuel sender,18,top
Sender,receiver,18,top
Sender,one sender,17,top
Sender,sender app,14,top
Sender,fernsehprogramm,13,top
Sender,sms sender,12,top
Sender,back to sender,12,top
Sender,sender id,11,top
Sender,radio sender,9,top
Sender,fernsehprogramm heute,9,top
Sender,sender meaning,9,top
Sender,fernsehprogramm heute alle sender,9,top
Sender,fernsehprogramm heute 20.15 alle sender,7,top
Sender,fernsehprogramm heute abend alle sender,7,top
Sender,how to return to sender,7,top
Sender,pro sender,6,top
Sender,file sender,6,top
Sender,fernsehprogramm heute abend 20.15 alle sender,6,top
Receiver,llano wireless hdmi transmitter and receiver,1300,rising
Receiver,patriots wide receiver depth chart,350,rising
Receiver,eagles wide receiver dontayvion wicks,130,rising
Receiver,kansas city chiefs receiver needs,120,rising
Receiver,logitech unifying software,70,rising
Receiver,scrcpy,70,rising
Receiver,marantz cinema 70s,60,rising
Receiver,citrix workspace,60,rising
Receiver,diy projects,50,rising
Receiver,kinetic switch and receiver,50,rising
Receiver,receiver general of canada,40,rising
Receiver,wireless receiver,100,top
Receiver,bluetooth receiver,98,top
Receiver,bluetooth,97,top
Receiver,what is receiver,96,top
Receiver,wide receiver,95,top
Receiver,receiver hitch,85,top
Receiver,receiver tv,62,top
Receiver,usb receiver,57,top
Receiver,audio receiver,57,top
Receiver,av receiver,55,top
Receiver,transmitter and receiver,46,top
Receiver,stereo receiver,41,top
Receiver,logitech receiver,40,top
Receiver,logitech,40,top
Receiver,yamaha receiver,39,top
Receiver,lower receiver,39,top
Receiver,radio receiver,38,top
Receiver,hdmi receiver,35,top
Receiver,air receiver,35,top
Receiver,denon receiver,34,top
Receiver,denon,34,top
Receiver,phone receiver,34,top
Receiver,sony receiver,30,top
Receiver,receiver name,27,top
Receiver,sound receiver,26,top
Interpreter,interpreter meaning in tamil,130,rising
Interpreter,brainfuck interpreter,80,rising
Interpreter,tis interpreter,80,rising
Interpreter,lionbridge interpreter,80,rising
Interpreter,arabic interpreter jobs,70,rising
Interpreter,aboriginal interpreter service,70,rising
Interpreter,interpreter certification programs,70,rising
Interpreter,interpreter adalah,60,rising
Interpreter,interpreter 意味,60,rising
Interpreter,the interpreter,100,top
Interpreter,python interpreter,59,top
Interpreter,python,59,top
Interpreter,language interpreter,50,top
Interpreter,code interpreter,37,top
Interpreter,what is interpreter,34,top
Interpreter,interpreter jobs,32,top
Interpreter,medical interpreter,31,top
Interpreter,online interpreter,25,top
Interpreter,interpreter ai,23,top
Interpreter,interpreter services,23,top
Interpreter,court interpreter,20,top
Interpreter,compiler,20,top
Interpreter,interpreter compiler,20,top
Interpreter,spanish interpreter,19,top
Interpreter,open interpreter,18,top
Interpreter,asl interpreter,17,top
Interpreter,what is a interpreter,16,top
Interpreter,sign language interpreter,14,top
Interpreter,interpreter meaning,14,top
Interpreter,interpreter in python,14,top
Interpreter,interpreter translator,13,top
Interpreter,google interpreter,12,top
Interpreter,online python interpreter,12,top
Interpreter,my interpreter,11,top
Uploader,mediafire,39650,rising
Uploader,filezilla,22050,rising
Uploader,streamable,9000,rising
Uploader,pictime uploader,160,rising
Uploader,new york times,110,rising
Uploader,this video has been removed by the uploader,100,rising
Uploader,bir uploader,100,rising
Uploader,online image uploader,90,rising
Uploader,glooko uploader,80,rising
Uploader,bir excel uploader,80,rising
Uploader,pictime,80,rising
Uploader,img uploader,70,rising
Uploader,utsa document uploader,70,rising
Uploader,chatgpt file uploader,60,rising
Uploader,excel uploader,60,rising
Uploader,wwe2k image uploader,40,rising
Uploader,bbc uploader,40,rising
Uploader,file uploader,100,top
Uploader,video uploader,83,top
Uploader,image uploader,69,top
Uploader,upload,58,top
Uploader,youtube uploader,56,top
Uploader,pdf uploader,37,top
Uploader,web uploader,22,top
Uploader,youtube video uploader,20,top
Uploader,drive uploader,19,top
Uploader,card uploader,18,top
Uploader,photo uploader,17,top
Uploader,music uploader,15,top
Uploader,bbc uploader,15,top
Uploader,streamlit file uploader,12,top
Uploader,excel uploader,12,top
Uploader,wwe image uploader,12,top
Uploader,bir uploader,11,top
Uploader,skin uploader,11,top
Uploader,bbc introducing,10,top
Uploader,bir excel uploader,8,top
Uploader,the uploader has not made this video available in your country,7,top
Uploader,dexcom uploader,6,top
Uploader,gif uploader,6,top
Uploader,pictime uploader,6,top
Uploader,glooko uploader,6,top
Calculator,rent vs own calculator,1000,rising
Calculator,standards calculator,90,rising
Calculator,atar calculator,80,rising
Calculator,calculator salariu,70,rising
Calculator,percentage increase calculator,50,rising
Calculator,iban calculator,50,rising
Calculator,percentage change calculator,50,rising
Calculator,percent change calculator,50,rising
Calculator,calculator salariu net,50,rising
Calculator,molarity calculator,50,rising
Calculator,ip subnet calculator,50,rising
Calculator,subnet calculator,40,rising
Calculator,loan calculator,100,top
Calculator,age calculator,75,top
Calculator,tax calculator,72,top
Calculator,bmi,70,top
Calculator,bmi calculator,70,top
Calculator,mortgage calculator,60,top
Calculator,calculator online,47,top
Calculator,date calculator,43,top
Calculator,time calculator,42,top
Calculator,interest calculator,41,top
Calculator,emi calculator,36,top
Calculator,calculator free,35,top
Calculator,salary calculator,33,top
Calculator,pay calculator,32,top
Calculator,payment calculator,28,top
Calculator,weight calculator,26,top
Calculator,calorie calculator,26,top
Calculator,percentage calculator,24,top
Calculator,calculator google,23,top
Calculator,home loan calculator,22,top
Calculator,palworld breeding calculator,21,top
Calculator,calculator app,21,top
Calculator,car loan calculator,19,top
Calculator,income tax calculator,18,top
Calculator,days calculator,17,top
Sample,abercrombie sample sale,60,rising
Sample,miami sample sale,60,rising
Sample,sample pdf,100,top
Sample,free sample,67,top
Sample,sample letter,62,top
Sample,sample size,54,top
Sample,sample paper,53,top
Sample,sample source,26,top
Sample,sample pdf download,24,top
Sample,sample sale,23,top
Sample,resume sample,21,top
Sample,sample meaning,19,top
Sample,sample video,14,top
Sample,stool sample,12,top
Sample,sample text,11,top
Sample,sample image,11,top
Sample,sample music,10,top
Sample,sample ballot,8,top
Sample,sample store,7,top
Sample,cv sample,6,top
Sample,sample cover letter,6,top
Sample,sample variance,4,top
Sample,sample resignation letter,4,top
Sample,sample extension,4,top
Sample,sample authorization letter,3,top
Sample,authorization letter,3,top
Sample,miami sample,3,top
Template,rajan template trending,1150,rising
Template,break even calculator,600,rising
Template,profit margin calculator,300,rising
Template,capcut template,100,top
Template,capcut,94,top
Template,template resume,40,top
Template,letter template,39,top
Template,resume,38,top
Template,new template,34,top
Template,template by,32,top
Template,cv template,29,top
Template,template design,28,top
Template,cv,27,top
Template,canva template,26,top
Template,template video,26,top
Template,powerpoint template,25,top
Template,email template,24,top
Template,website template,23,top
Template,invoice template,20,top
Template,invoice,20,top
Template,ppt template,18,top
Template,meme template,16,top
Template,template meaning,14,top
Template,powerpoint template free,13,top
Template,instagram template,12,top
Template,budget template,12,top
Template,calendar template,12,top
Template,spreadsheet template,7,top
Format,texting format,300,rising
Format,scribd downloader ppt format,90,rising
Format,excuse letter format,50,rising
Format,how to remove table format in excel,50,rising
Format,format pdf,100,top
Format,letter format,67,top
Format,date format,61,top
Format,word format,60,top
Format,excel format,57,top
Format,email format,49,top
Format,apa format,37,top
Format,resume format,31,top
Format,report format,30,top
Format,resume,30,top
Format,address format,23,top
Format,cv format,22,top
Format,application format,22,top
Format,json format,19,top
Format,imax format,19,top
Format,format imax,19,top
Format,mla format,15,top
Format,instagram format,15,top
Format,article format,12,top
Format,the odyssey format,11,top
Format,jpg format,11,top
Format,format xml,7,top
Format,format sql,7,top
Format,official letter format,3,top
Format,sql date format,2,top
Builder,dc circuit builder,300,rising
Builder,home addition builder,150,rising
Builder,chud the builder sentence,120,rising
Builder,power bi report builder,70,rising
Builder,chud the builder update,60,rising
Builder,tennis court builder,60,rising
Builder,chud the builder case update,60,rising
Builder,set builder notation,50,rising
Builder,sp page builder,50,rising
Builder,patio builder near me,50,rising
Builder,report builder,40,rising
Builder,website builder,100,top
Builder,ai builder,74,top
Builder,home builder,67,top
Builder,builder gel,59,top
Builder,resume,47,top
Builder,resume builder,46,top
Builder,app builder,45,top
Builder,body builder,30,top
Builder,team builder,30,top
Builder,credit builder,24,top
Builder,deck builder,24,top
Builder,my builder,23,top
Builder,website builder ai,21,top
Builder,builder near me,21,top
Builder,resume builder free,18,top
Builder,best website builder,17,top
Builder,house builder,17,top
Builder,builder gel nails,17,top
Builder,builder base,16,top
Builder,skill builder,16,top
Builder,free website builder,16,top
Builder,ai app builder,15,top
Builder,app builder ai,15,top
Builder,report builder,15,top
Builder,pc builder,15,top
